
using cache file: /tmp/610a-1495-3d2e-e1c7
... 
using cache file: /tmp/ff1c-0825-2d4d-1a1a
... Epoch:1 (training set)
FractionNum, error, secError
0, 74955.8, 0
1, 111179, 0
2, 109116, 0
3, 105848, 0
4, 102622, 0
5, 101607, 0
6, 99048.9, 0
7, 98973.3, 0
8, 95792, 0
9, 97009.4, 0
10, 97456.3, 0
11, 91518, 0
12, 96444, 0
13, 91585.2, 0
14, 91975.1, 0
15, 109092, 0
16, 110994, 0
17, 118172, 0
18, 133197, 0
Epoch:1(validation set)
FractionNum, error, secError
0, 52713, 0
1, 93208, 0
2, 95792, 0
3, 92654.7, 0
4, 111784, 0
Epoch:2 (training set)
FractionNum, error, secError
0, 58296.9, 0
1, 96349.6, 0
2, 95873.5, 0
3, 95089.3, 0
4, 97659.2, 0
5, 94219.4, 0
6, 96088.4, 0
7, 91541.6, 0
8, 90459.8, 0
9, 93706.7, 0
10, 93304.3, 0
11, 88926, 0
12, 94983, 0
13, 88533.4, 0
14, 90907.2, 0
15, 108587, 0
16, 108609, 0
17, 116335, 0
18, 132348, 0
Epoch:2(validation set)
FractionNum, error, secError
0, 52429.2, 0
1, 92225.2, 0
2, 95279.2, 0
3, 91894, 0
4, 111551, 0
Terminated
